1690
;
0,0
;
1;2;1;1;0;1;1;1;2;1;1;1;2;2;2;2;2;2;2;2;2;2;2;2;2;2
;
t,a,k,e, ,p,r,o,d,u,c,t, ,#
9
;
3;3;3;3;3;3;3;3;3;3;3;3;3;3;3;3;3;2;2;2;2;2;2;2;2;2;2;2;2;2;2;2;2;2;2;2;2;2;2;2;2;2;2;2;2;2;2;2;2;2;2;2;2;2;2;2;2;2;2;2;2;2;3;3;0;0;0;0;0;0;0;0;0;0;0;0;0;0;0;0;0;0;0;0;0;0;0;0;0;0;0;0;0;0;0;0;0;0;0;0;0;0;0;0;0;0;0;0;0;3;3;3;2;2;2;2;2;2;3;3;3;3;2;2;2;1;1;1;1;1;2;2;2;2;2;2;3;3;3;3;3;2;2;1;1;1;1;1;2;2;2;2;3;3;3;3;3;2;2;2;2;2;2;2;2;2;2;2;2;2;2;3;3;3;2;2;2;2;2;2;2;3;2;2;2;2;3;2;2;2;3;3;2;2;2;2;2;3;3;3;3;3;3;3;3;3;3;3;3;3;3;3;0;0;0;0;3;3;0;0;3;3;2;2;2;3;2;3;2;2;2;2;2;3;3;2;2;1;1;2;2;3;2;3;3;3;2;2;3
;
t,a,k,e, ,p,r,o,d,u,c,t, ,#
5
;
3;3;3;3;3;2;2;2;2;2;2;2;2;2;2;2;2;2;2;2;2;2;2;2;2;2;2;2;2;2;2;2;2;2;2;2;2;2;2;2;2;2;2;3;3;3;3;0;0;3;3;3;3;3;3;2;2;2;2;2;2;2;2;2;2;3;2;2;3;3;3;3;3;3;3;3;3;2;2;2;2;2;2;2;2;2;3;3;3;3;3;3;3;3;2;2;2;2;2;3;3;3;2;2;2;2;2;2;1;2;1;1;1;1;1;0
;
t,a,k,e, ,p,r,o,d,u,c,t, ,#
6
;
0;0;0;0;0;3;3;3;3;3;3;0;0;1;1;0;0;1;1;0;0;1;1;0;0;0;0;0;0;0;0;0;0;0;0;3;3;0;0;1;1;0;0;0;0;3;3;3;3;3;3;3;3;3;3;3;3;3;3;3;3;3;2;2;3;2;2;3;3;3;2;2;2;2;2;2;2;2;2;2;2;2;2;2;2;3;3;3;3;0;0;3;3;3;3;3;2
;
t,a,k,e, ,p,r,o,d,u,c,t, ,#
1
;
3;3;3;3;3;0;3;3;2;3;3;0;0;0;1;0;0;3;0;0;3;3;3;2;3;2;3;3;2;2;2;2;3;3;3;3;2
;
t,a,k,e, ,p,r,o,d,u,c,t, ,#
2
;
0;1;1;1;1;0;0;0;0;1;1;0;1;0;1;1;1;2;2;1;2;2;3;2;2;2;1;1;0;1;1;2;1;1;1;1;1;0;0;0;0;0;3;3;3;3;3;3;0;0;1;1;0;0;1;1;0;0;3;3;3;3;3;3;3;3;3;3;3
;
t,a,k,e, ,p,r,o,d,u,c,t, ,#
3
;
0;0;0;0;0;0;0;0;0;0;0;0;1;1;1;1;1;1;1;1;1;1;1;0;0;1;1;0;0;0;0;3;3;3;3;3;3;3;3;3;3;3;3;3;3;3;3;3;3;3;3;3;3;3;2;2;2;2;2;2;2;2;2;2;2;2;2;2;2;2;2;2;2;2;2;2;2;2;2;2;2;2;3;3;3;3;3;3;3;3;3;3;3;3;3;3;3;0;0;0;0;0;0;0;3
;
t,a,k,e, ,p,r,o,d,u,c,t, ,#
8
;
1;2;2;2;2;2;2;2;1;1;1;1;1;1;1;1;1;0;0;0;3;0;3;0;3;0;3;0;3;0;0;3;3;0;0;0;0;0;0;0;1;1;1;0;0;0;0;0;1;1;1;1;1;1;1;1;0;0;0;0;0;0;0;0;0
;
t,a,k,e, ,p,r,o,d,u,c,t, ,#
15
;
1;1;1;1;1;1;1;1;1;0;0;1;0;0;0;0;0;0;0;0;1;1;1;1;1;1;1;1;1;1;1;1;1;1;0;1;0;0;0;0;3;0;0;0;0;0;0;0;0;0;0;0;1;0;0;0
;
t,a,k,e, ,p,r,o,d,u,c,t, ,#
17
;
3;3;3;3;3;0;0;1;1;1;1;1;0;0;0;0;0;0;3;3;3;3;3;0;0;0;1;1;1;1;0;0;0;0;0;0;1;1;1;2;2;2;2;2;2;2;2;2;2;2;2;2;2;2;2;2;2;2;2;2;2;2;2;2;2;2;2;2;2;2;2;2;2;2;2;2;2;2;2;2;2;2;2;2;1;1;0;0;0;0;0;0;0;0;0;0;0;0;0;0;0;0;0;0;0;0;0;0;0;0;0;0;0;0;0;0;0;0;0;0;0;0;0;0;0;0;0;0;0;0;0;1;1;1;1;1;1;1;1;1;1;1;1;1;1;1;1;2;2;2;2;2;2;2;2;2;2;1;2;2;2;2;2;2;2;2;2
;
t,a,k,e, ,p,r,o,d,u,c,t, ,#
10
;
2;2;2;2;3;3;3;3;3;2;2;2;2;2;2;2;2;2;2;2;2;2;2;3;3;3;2;2;3;3;3;3;3;3;3
;
t,a,k,e, ,p,r,o,d,u,c,t, ,#
11
;
3;3;3;3;3;3;3;3;3;3;0;0;3;0;0;0
;
t,a,k,e, ,p,r,o,d,u,c,t, ,#
16
;
0;0;0;0;0;1;0;0;1;0;1;0;0
;
t,a,k,e, ,p,r,o,d,u,c,t, ,#
13
;
2;3;3;3;3;3;3;3;3;2;2;3;3;2;2;3;3;3;2;2;2;2;2;2;2;1;2;2;2;3;3;2;3;2;2;2;3;3;2;2;2;2;2;2;2;1;2;2;2;2;1;2;2;2;3
;
t,a,k,e, ,p,r,o,d,u,c,t, ,#
14
;
2;1;2;1;1;0;1;1;2;2;1;1;1;1;2;2;3;3;3;3;3;3;3;0;3;3;2;2;2;2;2;2;2;2;1;2;2;2;2;1;2;2;1;2;1;1;1;2;2;2;1;1;1;1;1;2;1;2;2;2;2;1;2;2;3;2
;
t,a,k,e, ,p,r,o,d,u,c,t, ,#
7
;
0;1;1;1;2;1;1;1;0;1;1;2;1;2;1;1;0;0;0;0;3;3;3;3;3;3;3;3;3;3;3;0;3;0;0;0;1;1;2;1;2;1;1;0;1;1;1;0;0;3;3;0;3;3;3;0;0;1;1;1;1;1;0;0;0;0;0;1;0;0;1;1;0;1;0;0;0;0;0;1;0;0;0;0;0;1
;
t,a,k,e, ,p,r,o,d,u,c,t, ,#
12
;
3;3;3;2;2;1;1;1;1;1;0;1;1;1;0;0;3;0;3;3;3;3;3;3;3;3;2;3;2;2;2;2;2;2;1;2;1;1;0;1;0;1;1;1;1;2;1;1;1;1;1;0;0;0;0;0;0;0;0;0;3;3;3;3;3;3;3;3;3;3;3;3;3;3;3;2;2;2;2;2;2;2;2;2;2;2;2;2;1;1;1;1;1;1;1;1;1;1;1;2;2;2;1;1;1
;
t,a,k,e, ,p,r,o,d,u,c,t, ,#
4
;
3;3;3;2;2;1;1;1;1;1;0;1;1;1;0;0;3;0;3;3;3;3;3;3;3;3;2;3;2;2;2;2;2;2;1;2;1;1;0;1;0;1;1;1;1;2;1;1;1;1;1;0;0;0;0;0;0;0;0;0;3;3;3;3;3;3;3;3;3;3;3;3;3;3;3;2;2;2;2;2;2;2;2;2;2;2;2;2;1;1;1;1;1;1;1;0;0;1;1;1;1;1;1;1;1;1;2;2;2;2;2;2;2;2;2;2;2;2;2;2;2;2;2;2;2;2;1;1;0;0;0;1;1;1;1;1;1;1;1;1;1;1;1;1;0;0;0;0;0;0;0;0;0;0;0;0;0;0;0;0;0;0;0;0;0;0;0;0;0;0;0;3;3;3;3;3;3;3;3;3;3;3;3
;
t,a,k,e, ,p,r,o,d,u,c,t, ,#
18
;
1;2;2;2;2;2;2;2;2;2;2;2;2;2;2;2;2;2;2;2;2;2;2;2;2;1;1;1;1;1;1;1;1;1;0;0;0;0;0;0;0;0;0;0;0;0;0;0;0;0;0;0;0;0;0;0;3;3;2;2;2;2;2;2;2;2;2;2;2;2;2;2;2;2;2;2;2;2;3;3;3;3;3;0;0;0;0;0;0;0;0;0;0;0;0;0;0;0;0;0;0;0;0;1;1;2;2;2;2;1;2;2;2;2;2;2;2;2;2;2;3;2;2;2;2
